1	3
1	11
1	16
1	23
1	29
1	30
1	54
1	60
1	82
1	88
1	94
1	98
1	102
1	103
1	107
1	109
1	115
1	122
1	141
1	150
1	153
1	186
1	202
1	267
1	285
1	314
1	315
1	336
1	351
1	417
1	436
1	441
1	459
1	468
1	479
1	492
1	507
1	516
1	527
1	533
1	567
1	590
1	610
1	647
1	655
1	692
1	718
1	743
1	758
1	761
2	6
2	15
2	18
2	19
2	22
2	34
2	44
2	46
2	50
2	81
2	87
2	90
2	94
2	97
2	98
2	124
2	126
2	129
2	141
2	143
2	178
2	190
2	214
2	216
2	230
2	245
2	270
2	281
2	286
2	292
2	299
2	307
2	394
2	395
2	416
2	449
2	508
2	515
2	519
2	601
2	627
2	646
2	767
2	770
2	825
2	921
2	929
2	943
3	8
3	10
3	14
3	23
3	24
3	44
3	54
3	79
3	84
3	87
3	100
3	105
3	109
3	116
3	144
3	147
3	170
3	210
3	215
3	230
3	235
3	242
3	243
3	266
3	285
3	302
3	387
3	455
3	534
3	558
3	574
3	584
3	589
3	596
3	598
3	617
3	646
3	703
3	708
3	710
3	752
3	808
3	816
3	897
3	906
3	909
3	927
4	9
4	10
4	12
4	18
4	21
4	40
4	43
4	49
4	55
4	58
4	71
4	95
4	99
4	109
4	113
4	132
4	150
4	152
4	156
4	189
4	199
4	205
4	217
4	223
4	247
4	254
4	287
4	293
4	338
4	354
4	356
4	391
4	415
4	425
4	439
4	471
4	478
4	481
4	545
4	563
4	634
4	697
4	703
4	788
4	809
4	876
4	884
4	889
5	10
5	12
5	38
5	45
5	49
5	52
5	68
5	69
5	70
5	72
5	90
5	98
5	99
5	103
5	134
5	137
5	167
5	182
5	256
5	293
5	335
5	344
5	370
5	378
5	399
5	430
5	432
5	457
5	492
5	503
5	532
5	560
5	602
5	619
5	668
5	755
5	782
5	794
5	796
5	798
5	803
5	840
5	851
5	880
5	940
6	18
6	19
6	22
6	41
6	46
6	51
6	61
6	69
6	97
6	105
6	138
6	141
6	178
6	181
6	190
6	206
6	208
6	221
6	228
6	243
6	266
6	276
6	286
6	295
6	320
6	340
6	421
6	422
6	426
6	488
6	529
6	539
6	545
6	562
6	661
6	744
6	759
6	781
6	840
6	855
6	871
6	918
6	935
6	986
7	15
7	31
7	44
7	64
7	87
7	98
7	107
7	114
7	125
7	139
7	143
7	157
7	168
7	178
7	192
7	194
7	214
7	221
7	233
7	258
7	289
7	290
7	308
7	330
7	363
7	388
7	391
7	456
7	531
7	593
7	603
7	691
7	702
7	722
7	727
7	751
7	775
7	822
7	837
7	844
7	885
7	923
7	953
7	989
8	10
8	13
8	14
8	23
8	25
8	26
8	30
8	53
8	57
8	68
8	72
8	78
8	82
8	94
8	113
8	128
8	147
8	163
8	170
8	180
8	189
8	251
8	289
8	300
8	317
8	336
8	396
8	399
8	401
8	422
8	447
8	460
8	495
8	540
8	559
8	584
8	594
8	599
8	610
8	626
8	900
8	916
8	995
9	27
9	56
9	78
9	80
9	81
9	94
9	112
9	122
9	143
9	149
9	158
9	200
9	209
9	226
9	279
9	283
9	287
9	305
9	339
9	342
9	353
9	403
9	442
9	452
9	460
9	499
9	518
9	535
9	544
9	568
9	586
9	618
9	645
9	665
9	682
9	694
9	778
9	782
9	805
9	855
9	861
9	985
10	14
10	32
10	46
10	53
10	54
10	57
10	59
10	87
10	94
10	96
10	98
10	99
10	110
10	136
10	146
10	181
10	217
10	222
10	280
10	285
10	347
10	388
10	418
10	436
10	460
10	464
10	480
10	528
10	536
10	604
10	626
10	671
10	724
10	734
10	788
10	831
10	835
10	888
11	12
11	14
11	38
11	52
11	58
11	63
11	69
11	70
11	72
11	80
11	92
11	110
11	122
11	140
11	153
11	184
11	210
11	247
11	248
11	296
11	316
11	348
11	406
11	435
11	479
11	500
11	540
11	563
11	573
11	594
11	642
11	702
11	713
11	715
11	824
11	827
11	860
11	868
11	964
11	976
12	14
12	16
12	21
12	26
12	40
12	45
12	48
12	52
12	56
12	69
12	72
12	77
12	80
12	119
12	126
12	128
12	148
12	167
12	199
12	215
12	269
12	276
12	334
12	344
12	371
12	430
12	434
12	440
12	448
12	475
12	522
12	528
12	532
12	641
12	700
12	729
12	767
12	806
13	14
13	21
13	24
13	27
13	31
13	33
13	46
13	60
13	78
13	83
13	96
13	117
13	125
13	128
13	131
13	188
13	208
13	220
13	261
13	262
13	265
13	352
13	390
13	411
13	416
13	435
13	520
13	538
13	593
13	627
13	662
13	676
13	695
13	718
13	759
13	833
13	845
13	899
13	943
14	29
14	51
14	53
14	59
14	67
14	68
14	82
14	105
14	133
14	145
14	152
14	153
14	156
14	213
14	237
14	253
14	264
14	281
14	288
14	348
14	376
14	417
14	447
14	499
14	604
14	606
14	683
14	708
14	710
14	718
14	725
14	794
14	887
14	913
15	18
15	22
15	37
15	46
15	50
15	55
15	68
15	93
15	103
15	104
15	116
15	132
15	146
15	168
15	190
15	208
15	216
15	229
15	292
15	339
15	340
15	396
15	403
15	409
15	441
15	517
15	539
15	549
15	554
15	577
15	662
15	687
15	730
15	773
15	797
15	802
15	879
15	921
16	21
16	52
16	70
16	72
16	78
16	85
16	92
16	108
16	109
16	139
16	145
16	154
16	158
16	185
16	207
16	293
16	314
16	318
16	320
16	381
16	382
16	405
16	407
16	428
16	444
16	470
16	471
16	503
16	672
16	720
16	760
16	772
16	819
16	845
16	866
16	909
16	980
17	20
17	25
17	50
17	75
17	100
17	105
17	106
17	111
17	113
17	129
17	130
17	167
17	184
17	204
17	211
17	255
17	257
17	294
17	360
17	365
17	377
17	439
17	520
17	552
17	591
17	607
17	613
17	639
17	708
17	725
17	736
17	788
17	822
17	828
17	901
17	924
17	952
17	959
17	963
18	19
18	33
18	43
18	46
18	61
18	62
18	65
18	66
18	87
18	93
18	97
18	98
18	138
18	142
18	159
18	191
18	201
18	216
18	230
18	250
18	311
18	340
18	357
18	437
18	543
18	551
18	556
18	570
18	661
18	774
18	839
18	876
18	921
18	960
19	34
19	36
19	61
19	65
19	75
19	77
19	80
19	97
19	109
19	114
19	126
19	134
19	138
19	146
19	161
19	190
19	193
19	207
19	216
19	248
19	357
19	454
19	465
19	495
19	498
19	528
19	626
19	718
19	730
19	879
19	901
19	903
19	923
19	943
19	947
20	37
20	39
20	50
20	62
20	83
20	86
20	98
20	104
20	107
20	112
20	160
20	163
20	165
20	183
20	185
20	241
20	255
20	263
20	349
20	352
20	385
20	402
20	480
20	500
20	502
20	510
20	534
20	539
20	542
20	592
20	658
20	712
20	725
20	728
20	754
20	838
20	841
21	26
21	31
21	39
21	45
21	52
21	71
21	93
21	102
21	119
21	130
21	176
21	203
21	212
21	229
21	247
21	319
21	331
21	361
21	412
21	440
21	460
21	487
21	541
21	548
21	651
21	692
21	729
21	840
21	846
21	868
21	910
21	948
21	954
22	23
22	34
22	36
22	42
22	46
22	47
22	61
22	65
22	67
22	79
22	93
22	97
22	126
22	134
22	139
22	186
22	198
22	206
22	208
22	214
22	227
22	240
22	271
22	291
22	299
22	354
22	359
22	445
22	488
22	572
22	573
22	605
22	920
22	952
23	30
23	31
23	32
23	37
23	38
23	49
23	53
23	54
23	57
23	58
23	62
23	64
23	86
23	88
23	110
23	123
23	220
23	223
23	289
23	302
23	309
23	314
23	353
23	466
23	638
23	644
23	667
23	719
23	805
23	825
23	900
23	913
24	31
24	32
24	58
24	60
24	61
24	83
24	89
24	118
24	132
24	133
24	146
24	190
24	192
24	261
24	387
24	393
24	434
24	435
24	451
24	457
24	540
24	547
24	707
24	739
24	756
24	830
24	842
24	860
24	965
24	992
24	993
24	996
24	997
25	33
25	39
25	64
25	86
25	89
25	100
25	130
25	135
25	150
25	156
25	174
25	255
25	258
25	272
25	275
25	276
25	277
25	278
25	322
25	383
25	389
25	541
25	547
25	560
25	575
25	594
25	660
25	698
25	734
25	795
25	801
25	914
25	950
26	32
26	97
26	108
26	113
26	121
26	154
26	159
26	234
26	257
26	264
26	265
26	284
26	306
26	319
26	324
26	331
26	343
26	371
26	381
26	458
26	637
26	693
26	747
26	752
26	757
26	772
26	790
26	856
26	899
26	902
26	908
26	972
27	35
27	38
27	45
27	48
27	59
27	80
27	85
27	106
27	123
27	149
27	195
27	203
27	209
27	255
27	312
27	369
27	374
27	399
27	419
27	423
27	442
27	509
27	544
27	556
27	581
27	643
27	665
27	699
27	784
27	802
27	934
27	936
28	41
28	52
28	56
28	61
28	66
28	71
28	76
28	97
28	100
28	117
28	127
28	129
28	156
28	212
28	243
28	265
28	274
28	305
28	306
28	338
28	463
28	595
28	623
28	658
28	659
28	678
28	686
28	691
28	724
28	766
28	818
28	848
28	957
29	30
29	34
29	54
29	63
29	68
29	87
29	89
29	91
29	102
29	106
29	109
29	110
29	115
29	155
29	181
29	186
29	219
29	237
29	303
29	305
29	315
29	341
29	395
29	459
29	683
29	775
29	877
29	917
29	925
29	941
30	32
30	68
30	82
30	83
30	101
30	106
30	110
30	127
30	129
30	133
30	140
30	155
30	221
30	232
30	314
30	338
30	421
30	459
30	465
30	511
30	533
30	565
30	678
30	688
30	707
30	719
30	930
30	953
31	60
31	64
31	72
31	104
31	124
31	131
31	132
31	133
31	139
31	182
31	185
31	204
31	216
31	261
31	294
31	409
31	434
31	435
31	445
31	578
31	608
31	616
31	620
31	830
31	866
31	915
32	58
32	68
32	71
32	91
32	101
32	109
32	115
32	153
32	176
32	186
32	207
32	259
32	265
32	280
32	358
32	370
32	397
32	438
32	474
32	574
32	608
32	624
32	704
32	749
32	764
32	906
33	71
33	76
33	100
33	118
33	135
33	151
33	160
33	187
33	259
33	304
33	339
33	343
33	363
33	367
33	466
33	490
33	495
33	561
33	712
33	766
33	771
33	786
33	802
33	847
33	912
33	955
33	973
34	47
34	77
34	84
34	97
34	108
34	126
34	144
34	183
34	198
34	357
34	388
34	409
34	467
34	484
34	491
34	498
34	515
34	585
34	658
34	687
34	695
34	724
34	748
34	859
34	939
34	988
35	39
35	60
35	76
35	115
35	123
35	130
35	131
35	132
35	136
35	143
35	145
35	204
35	224
35	247
35	296
35	313
35	334
35	368
35	396
35	431
35	474
35	479
35	628
35	727
35	807
35	816
35	910
35	918
36	126
36	147
36	178
36	187
36	270
36	283
36	348
36	352
36	396
36	407
36	409
36	416
36	443
36	445
36	453
36	475
36	495
36	498
36	596
36	681
36	701
36	727
36	751
36	760
36	768
36	807
36	832
37	54
37	72
37	84
37	110
37	125
37	167
37	198
37	208
37	219
37	222
37	237
37	273
37	281
37	291
37	309
37	319
37	332
37	358
37	688
37	764
37	806
37	825
37	836
37	858
37	916
37	995
38	51
38	52
38	68
38	72
38	104
38	121
38	134
38	155
38	184
38	234
38	236
38	257
38	319
38	354
38	384
38	431
38	440
38	516
38	537
38	559
38	653
38	728
38	826
38	857
39	45
39	53
39	55
39	56
39	57
39	65
39	77
39	89
39	95
39	99
39	133
39	169
39	202
39	283
39	440
39	480
39	499
39	517
39	639
39	694
39	725
39	754
39	792
39	896
40	55
40	58
40	70
40	95
40	111
40	113
40	119
40	124
40	164
40	172
40	184
40	224
40	227
40	284
40	328
40	338
40	366
40	391
40	603
40	674
40	689
40	760
40	812
40	859
40	878
40	892
41	56
41	74
41	82
41	104
41	107
41	111
41	123
41	129
41	149
41	235
41	242
41	255
41	258
41	300
41	328
41	331
41	352
41	422
41	469
41	554
41	576
41	600
41	670
41	776
41	884
41	911
42	44
42	46
42	47
42	88
42	120
42	129
42	193
42	201
42	207
42	267
42	334
42	341
42	392
42	408
42	411
42	493
42	589
42	616
42	648
42	673
42	733
42	745
42	800
42	884
42	896
42	975
42	976
43	55
43	91
43	95
43	150
43	163
43	168
43	171
43	198
43	205
43	217
43	224
43	236
43	242
43	273
43	281
43	287
43	331
43	470
43	478
43	501
43	521
43	656
43	679
43	737
43	863
43	870
44	48
44	51
44	64
44	120
44	121
44	201
44	202
44	214
44	244
44	334
44	347
44	420
44	440
44	471
44	512
44	548
44	555
44	677
44	722
44	865
44	901
44	974
44	990
45	52
45	58
45	63
45	101
45	119
45	157
45	210
45	257
45	290
45	384
45	396
45	537
45	548
45	553
45	564
45	716
45	769
45	838
45	886
45	956
45	964
45	989
46	54
46	61
46	79
46	84
46	97
46	104
46	108
46	112
46	142
46	210
46	233
46	278
46	317
46	421
46	473
46	489
46	661
46	933
46	939
47	66
47	157
47	162
47	180
47	192
47	240
47	257
47	299
47	357
47	359
47	363
47	423
47	460
47	484
47	543
47	610
47	618
47	636
47	686
47	707
47	708
47	714
47	775
47	819
48	58
48	59
48	96
48	123
48	148
48	164
48	195
48	239
48	307
48	331
48	351
48	353
48	398
48	414
48	421
48	443
48	470
48	535
48	550
48	682
48	696
48	782
48	819
49	62
49	91
49	94
49	100
49	109
49	130
49	147
49	155
49	202
49	300
49	308
49	373
49	404
49	461
49	506
49	580
49	715
49	755
49	761
49	792
49	887
49	952
49	962
50	84
50	89
50	93
50	136
50	147
50	205
50	218
50	263
50	270
50	296
50	407
50	410
50	416
50	465
50	537
50	545
50	605
50	633
50	704
50	759
50	869
50	1000
51	55
51	66
51	67
51	72
51	75
51	119
51	150
51	238
51	256
51	261
51	267
51	288
51	390
51	402
51	448
51	497
51	512
51	531
51	558
51	701
51	814
51	969
52	69
52	78
52	90
52	123
52	164
52	175
52	176
52	223
52	277
52	447
52	461
52	523
52	600
52	619
52	711
52	808
52	833
52	935
53	54
53	55
53	57
53	68
53	91
53	105
53	148
53	167
53	176
53	230
53	336
53	389
53	419
53	422
53	738
53	752
53	831
53	881
53	951
53	988
54	70
54	87
54	104
54	130
54	195
54	205
54	212
54	217
54	281
54	298
54	376
54	413
54	441
54	624
54	742
54	862
54	952
55	58
55	84
55	141
55	148
55	152
55	164
55	175
55	204
55	227
55	254
55	356
55	425
55	500
55	709
55	793
55	876
55	945
55	968
56	79
56	90
56	98
56	185
56	188
56	194
56	204
56	222
56	268
56	360
56	382
56	439
56	444
56	449
56	623
56	672
56	696
56	712
56	864
56	901
57	72
57	74
57	102
57	110
57	137
57	155
57	159
57	197
57	202
57	207
57	239
57	294
57	332
57	407
57	536
57	594
57	705
57	777
57	954
57	981
58	70
58	95
58	113
58	126
58	172
58	175
58	189
58	227
58	254
58	273
58	283
58	395
58	436
58	469
58	918
58	962
59	62
59	88
59	136
59	137
59	149
59	398
59	452
59	535
59	614
59	643
59	703
59	716
59	731
59	802
59	805
59	833
59	929
59	970
59	999
59	1000
60	76
60	83
60	118
60	128
60	132
60	167
60	230
60	236
60	279
60	303
60	308
60	390
60	420
60	449
60	514
60	690
60	706
60	789
60	915
61	65
61	132
61	172
61	190
61	209
61	241
61	502
61	545
61	553
61	604
61	665
61	744
61	751
61	926
61	963
61	985
61	1000
62	71
62	98
62	101
62	105
62	111
62	130
62	134
62	163
62	263
62	367
62	368
62	488
62	522
62	524
62	589
62	617
62	639
62	696
62	785
63	78
63	119
63	146
63	161
63	165
63	248
63	331
63	343
63	346
63	453
63	489
63	494
63	496
63	573
63	576
63	583
63	622
63	668
63	731
63	755
63	925
64	89
64	121
64	124
64	171
64	174
64	196
64	238
64	244
64	318
64	326
64	339
64	366
64	508
64	512
64	582
64	601
64	668
64	719
64	863
65	93
65	137
65	173
65	217
65	238
65	274
65	291
65	345
65	410
65	431
65	476
65	551
65	601
65	646
65	729
65	756
65	878
65	914
65	985
66	73
66	75
66	121
66	122
66	126
66	140
66	157
66	244
66	249
66	266
66	297
66	318
66	518
66	538
66	588
66	610
66	618
66	679
66	722
66	820
67	75
67	85
67	86
67	88
67	103
67	121
67	154
67	180
67	186
67	187
67	215
67	267
67	423
67	429
67	505
67	543
67	618
67	706
67	791
67	908
67	983
68	82
68	91
68	115
68	137
68	287
68	315
68	316
68	355
68	370
68	488
68	777
68	881
68	959
68	960
69	85
69	100
69	120
69	211
69	234
69	252
69	363
69	492
69	520
69	524
69	530
69	535
69	609
69	670
69	763
69	895
69	907
69	908
70	77
70	93
70	140
70	164
70	223
70	229
70	320
70	406
70	444
70	446
70	464
70	479
70	576
70	660
70	669
70	784
70	980
71	86
71	123
71	144
71	180
71	213
71	274
71	355
71	377
71	440
71	560
71	561
71	593
71	630
71	735
71	873
71	877
71	967
72	103
72	108
72	110
72	176
72	331
72	340
72	405
72	522
72	587
72	601
72	679
72	714
72	917
73	75
73	95
73	110
73	126
73	129
73	133
73	184
73	210
73	216
73	293
73	386
73	420
73	435
73	438
73	477
73	501
73	552
73	571
73	577
73	617
73	942
73	946
74	93
74	114
74	131
74	144
74	151
74	156
74	158
74	166
74	173
74	174
74	180
74	199
74	311
74	350
74	499
74	590
74	623
74	660
74	716
74	847
74	979
75	120
75	175
75	187
75	199
75	241
75	359
75	380
75	391
75	400
75	596
75	616
75	636
75	648
75	815
75	824
75	894
75	916
76	79
76	81
76	112
76	115
76	128
76	130
76	151
76	201
76	240
76	298
76	310
76	355
76	356
76	468
76	490
76	550
76	565
76	591
76	984
77	84
77	102
77	158
77	166
77	168
77	194
77	220
77	236
77	248
77	329
77	371
77	532
77	566
77	578
77	602
77	799
77	814
78	90
78	134
78	158
78	184
78	277
78	296
78	329
78	374
78	377
78	379
78	503
78	642
78	659
78	876
78	932
78	947
79	106
79	107
79	127
79	153
79	169
79	245
79	260
79	374
79	395
79	405
79	499
79	580
79	639
79	640
79	776
79	795
79	847
80	123
80	136
80	137
80	149
80	196
80	200
80	257
80	353
80	359
80	369
80	414
80	452
80	568
80	648
80	698
80	700
80	991
81	107
81	128
81	129
81	144
81	163
81	190
81	197
81	201
81	225
81	226
81	255
81	366
81	426
81	480
81	623
81	663
81	721
81	769
81	907
82	86
82	116
82	158
82	358
82	359
82	405
82	419
82	424
82	536
82	592
82	639
82	671
82	734
82	798
82	834
82	887
83	133
83	152
83	223
83	235
83	251
83	265
83	275
83	411
83	448
83	667
83	696
83	726
83	778
83	798
83	833
83	972
84	138
84	190
84	198
84	208
84	216
84	273
84	465
84	484
84	554
84	796
84	811
84	822
84	849
84	902
85	108
85	109
85	134
85	179
85	210
85	290
85	336
85	358
85	392
85	405
85	434
85	555
85	738
85	856
85	865
85	899
85	984
86	106
86	131
86	137
86	166
86	187
86	241
86	246
86	253
86	254
86	373
86	452
86	557
86	640
86	721
86	924
87	128
87	147
87	222
87	309
87	328
87	377
87	403
87	460
87	528
87	580
87	773
87	813
87	907
87	977
88	107
88	165
88	185
88	204
88	226
88	382
88	389
88	401
88	402
88	473
88	509
88	517
88	546
88	924
88	966
88	986
89	121
89	122
89	139
89	157
89	175
89	192
89	224
89	361
89	448
89	514
89	529
89	593
89	707
89	733
89	805
90	108
90	117
90	119
90	184
90	206
90	211
90	418
90	469
90	470
90	512
90	521
90	611
90	694
90	714
90	865
91	93
91	105
91	126
91	148
91	204
91	237
91	317
91	368
91	406
91	432
91	557
91	606
91	789
91	942
92	99
92	103
92	111
92	134
92	179
92	282
92	496
92	530
92	544
92	548
92	550
92	649
92	670
92	728
92	777
92	915
92	959
92	981
93	142
93	161
93	177
93	231
93	339
93	570
93	758
93	905
93	971
93	985
93	986
94	110
94	111
94	131
94	139
94	147
94	280
94	344
94	346
94	350
94	370
94	466
94	527
94	916
94	951
95	99
95	113
95	150
95	170
95	189
95	230
95	233
95	274
95	352
95	504
95	549
95	606
95	634
95	733
96	132
96	133
96	153
96	157
96	182
96	213
96	245
96	303
96	342
96	358
96	373
96	411
96	449
96	451
96	529
96	622
96	804
97	111
97	125
97	142
97	182
97	206
97	520
97	545
97	838
97	845
97	858
97	895
98	100
98	136
98	171
98	263
98	277
98	323
98	526
98	552
98	640
98	754
98	877
99	109
99	185
99	199
99	220
99	225
99	233
99	297
99	304
99	351
99	368
99	416
99	631
99	654
99	661
100	135
100	150
100	155
100	169
100	210
100	258
100	260
100	294
100	334
100	642
100	937
100	941
101	111
101	112
101	121
101	185
101	195
101	259
101	303
101	313
101	402
101	468
101	541
101	659
101	691
101	743
101	953
102	152
102	314
102	333
102	347
102	356
102	369
102	432
102	555
102	643
102	715
102	743
102	935
102	951
102	1000
103	179
103	293
103	326
103	355
103	372
103	433
103	522
103	539
103	619
103	629
103	790
103	935
103	942
104	107
104	172
104	189
104	199
104	224
104	240
104	241
104	338
104	368
104	426
104	456
104	915
105	170
105	229
105	251
105	324
105	354
105	400
105	496
105	576
105	598
105	800
105	915
105	979
106	109
106	183
106	199
106	241
106	298
106	394
106	450
106	490
106	585
106	736
106	770
106	908
106	912
107	240
107	276
107	283
107	415
107	420
107	462
107	532
107	558
107	901
107	973
107	977
108	184
108	218
108	264
108	284
108	326
108	562
108	649
108	657
108	814
108	863
108	910
108	932
109	178
109	219
109	332
109	528
109	703
109	704
109	778
109	854
110	132
110	207
110	321
110	436
110	516
110	526
110	567
110	683
110	909
111	127
111	151
111	232
111	355
111	365
111	480
111	575
111	602
111	779
111	960
111	962
112	121
112	136
112	151
112	174
112	186
112	221
112	235
112	250
112	285
112	350
112	386
112	473
112	555
113	119
113	152
113	217
113	247
113	301
113	310
113	318
113	504
113	685
113	859
113	948
114	203
114	241
114	271
114	274
114	423
114	448
114	493
114	505
114	519
114	580
114	581
114	702
114	829
114	888
114	955
115	147
115	232
115	328
115	370
115	376
115	418
115	532
115	615
115	624
115	714
115	893
115	993
116	142
116	208
116	219
116	292
116	300
116	315
116	365
116	511
116	533
116	621
116	633
116	688
116	724
116	750
116	961
117	118
117	131
117	231
117	262
117	279
117	315
117	380
117	387
117	390
117	409
117	448
117	558
117	698
117	798
117	974
118	128
118	132
118	135
118	141
118	145
118	262
118	364
118	375
118	461
118	520
118	545
118	558
118	762
118	768
119	245
119	252
119	272
119	311
119	440
119	654
119	702
119	807
119	865
119	900
120	159
120	164
120	215
120	227
120	273
120	367
120	446
120	526
120	635
120	698
120	766
120	896
120	981
120	994
121	179
121	239
121	252
121	312
121	346
121	553
121	566
121	969
121	978
122	154
122	179
122	188
122	250
122	328
122	361
122	391
122	395
122	477
122	799
122	840
122	841
122	970
123	195
123	268
123	307
123	342
123	353
123	550
123	859
123	870
123	889
123	898
124	307
124	366
124	421
124	439
124	569
124	617
124	706
124	756
124	874
124	898
124	949
124	972
124	980
125	180
125	195
125	233
125	256
125	265
125	317
125	381
125	474
125	534
125	695
125	701
125	726
125	987
126	142
126	178
126	455
126	484
126	591
126	807
126	933
127	179
127	197
127	270
127	297
127	316
127	392
127	461
127	472
127	513
127	628
127	652
127	994
127	999
128	132
128	143
128	182
128	209
128	253
128	435
128	543
128	608
128	778
129	130
129	258
129	274
129	323
129	542
129	613
129	631
129	658
129	904
130	260
130	387
130	462
130	502
130	552
130	848
130	853
130	912
131	220
131	227
131	303
131	375
131	453
131	547
131	578
131	851
131	964
131	988
132	145
132	194
132	547
132	616
132	771
132	922
133	174
133	252
133	270
133	390
133	615
133	762
133	804
133	958
134	160
134	372
134	494
134	729
134	753
134	807
134	856
134	884
135	163
135	169
135	174
135	184
135	197
135	259
135	322
135	477
135	507
135	623
135	925
135	979
136	156
136	225
136	259
136	313
136	469
136	691
136	699
136	850
136	971
137	209
137	254
137	333
137	476
137	694
137	781
137	814
137	855
137	991
138	148
138	196
138	197
138	226
138	303
138	339
138	396
138	663
138	695
138	727
138	783
138	832
139	140
139	181
139	196
139	250
139	292
139	316
139	358
139	504
139	672
139	844
140	244
140	271
140	289
140	318
140	344
140	385
140	404
140	829
140	897
140	919
140	983
141	154
141	193
141	216
141	224
141	264
141	304
141	428
141	458
141	477
141	566
141	936
142	149
142	161
142	206
142	290
142	377
142	395
142	467
142	893
142	921
142	937
143	146
143	166
143	296
143	310
143	430
143	445
143	459
143	568
143	623
143	947
143	1000
144	218
144	277
144	278
144	280
144	301
144	446
144	591
144	677
144	699
144	919
144	994
145	187
145	222
145	596
145	646
145	717
145	740
145	750
145	764
145	770
145	862
145	896
146	272
146	284
146	428
146	433
146	578
146	600
146	714
146	844
146	874
146	875
147	312
147	332
147	506
147	784
147	821
147	854
147	867
147	933
148	158
148	184
148	188
148	252
148	269
148	433
148	530
148	653
148	729
148	875
149	169
149	177
149	204
149	209
149	254
149	365
149	403
149	452
149	518
149	936
150	164
150	191
150	217
150	273
150	294
150	309
150	975
150	986
151	268
151	275
151	297
151	324
151	338
151	489
151	553
151	621
151	647
151	686
152	164
152	243
152	254
152	441
152	680
152	737
152	809
152	875
152	962
153	170
153	243
153	280
153	411
153	434
153	455
153	513
153	559
153	690
154	165
154	168
154	271
154	288
154	337
154	424
154	488
154	534
154	650
154	827
155	173
155	213
155	241
155	670
155	683
155	786
155	836
155	870
155	953
156	177
156	204
156	365
156	509
156	603
156	669
156	677
156	717
156	937
157	181
157	364
157	534
157	581
157	849
157	873
157	955
157	974
157	977
158	215
158	449
158	493
158	524
158	702
158	783
158	954
158	984
159	162
159	163
159	165
159	276
159	301
159	352
159	426
159	458
159	544
159	627
159	861
160	181
160	214
160	229
160	258
160	266
160	361
160	377
160	437
160	456
160	644
160	699
160	823
161	192
161	198
161	251
161	322
161	372
161	384
161	409
161	744
161	765
161	784
161	988
162	239
162	256
162	272
162	312
162	401
162	424
162	491
162	519
162	533
162	543
162	632
162	783
162	976
163	196
163	255
163	266
163	374
163	469
163	486
163	519
163	561
164	165
164	170
164	223
164	501
164	549
164	804
164	880
165	177
165	257
165	276
165	569
165	620
165	635
165	641
165	737
165	801
166	177
166	294
166	339
166	365
166	445
166	647
166	658
166	735
166	818
166	853
167	176
167	183
167	236
167	550
167	839
167	843
167	930
167	942
168	214
168	236
168	413
168	470
168	497
168	610
168	719
168	819
168	828
169	174
169	177
169	180
169	257
169	380
169	502
169	529
169	546
169	924
170	232
170	274
170	302
170	362
170	407
170	457
170	543
170	946
171	179
171	225
171	245
171	249
171	552
171	622
171	669
171	878
171	885
171	938
171	966
172	242
172	327
172	349
172	359
172	409
172	529
172	583
172	666
172	847
172	880
173	180
173	194
173	264
173	289
173	347
173	363
173	392
173	397
173	478
173	726
173	991
174	201
174	213
174	275
174	299
174	322
174	490
174	852
175	205
175	354
175	419
175	456
175	499
175	501
175	689
175	788
175	938
176	234
176	294
176	337
176	468
176	503
176	675
176	841
176	998
177	197
177	278
177	457
177	613
177	619
177	659
177	902
178	295
178	554
178	572
178	748
178	798
178	849
178	965
179	203
179	249
179	357
179	385
179	483
179	717
180	256
180	508
180	666
180	717
180	822
181	283
181	308
181	316
181	345
181	375
181	746
181	800
182	208
182	251
182	336
182	525
182	609
182	625
182	713
182	756
183	193
183	300
183	375
183	497
183	503
183	506
183	588
183	650
183	660
184	326
184	597
184	650
185	218
185	282
185	350
185	421
185	552
185	659
186	281
186	507
186	514
186	571
186	742
186	808
186	861
187	221
187	275
187	306
187	377
187	463
187	812
187	977
188	196
188	220
188	256
188	420
188	513
188	523
188	712
188	726
188	846
189	287
189	354
189	403
189	442
189	504
189	791
189	832
189	918
190	291
190	484
190	546
190	572
190	671
191	217
191	249
191	354
191	390
191	425
191	440
191	501
191	689
191	899
191	919
191	940
192	196
192	270
192	274
192	361
192	427
192	549
192	632
192	841
193	216
193	395
193	410
193	525
193	551
193	681
193	783
193	861
193	994
194	238
194	309
194	363
194	366
194	415
194	564
194	775
194	976
195	255
195	273
195	279
195	419
195	607
195	645
195	945
196	221
196	250
196	318
196	345
196	681
197	315
197	356
197	519
197	629
197	745
197	954
198	203
198	238
198	391
198	488
198	601
198	923
199	323
199	728
199	748
199	785
199	818
200	230
200	282
200	342
200	431
200	518
200	575
200	622
200	643
200	673
200	978
201	368
201	590
201	625
201	688
201	699
201	904
202	373
202	579
202	644
202	704
202	743
202	815
202	875
203	211
203	212
203	239
203	423
203	556
203	837
203	867
204	239
204	246
204	364
205	242
205	247
205	273
205	289
205	358
205	508
205	899
206	218
206	317
206	412
206	438
206	539
206	680
206	945
207	268
207	555
207	667
207	723
207	789
207	809
208	378
208	421
208	425
208	997
209	269
209	270
209	321
209	371
209	398
209	431
210	257
210	292
210	399
210	531
210	629
211	262
211	290
211	299
211	656
211	719
211	761
211	810
211	920
212	267
212	278
212	301
212	450
212	458
212	490
212	500
212	605
213	254
213	449
213	457
213	491
213	532
213	735
213	754
214	215
214	219
214	429
214	447
214	463
214	746
215	249
215	398
215	599
215	672
215	787
215	961
216	388
216	722
216	957
217	383
217	637
217	868
217	926
218	246
218	372
218	486
218	495
218	747
218	879
218	914
219	311
219	334
219	407
219	417
219	667
219	731
219	774
220	228
220	381
220	458
220	525
220	762
220	820
221	364
221	400
221	525
221	557
221	715
221	850
222	259
222	316
222	329
222	376
222	438
222	859
222	881
223	327
223	536
223	689
223	697
223	968
224	242
224	273
224	327
224	647
224	882
225	271
225	391
225	429
225	554
225	768
225	844
225	960
226	228
226	240
226	313
226	408
226	418
226	468
226	711
227	383
227	563
227	790
227	891
227	975
228	231
228	298
228	303
228	309
228	330
228	374
228	529
228	654
229	537
229	588
229	622
229	750
229	765
229	950
230	334
230	349
230	565
230	843
231	261
231	291
231	451
231	527
231	654
231	820
231	864
231	983
232	362
232	401
232	542
232	681
232	710
232	806
232	858
233	260
233	380
233	526
233	553
233	608
233	797
234	236
234	314
234	439
234	544
234	630
234	700
234	802
235	245
235	501
235	510
235	557
235	679
235	749
235	909
236	246
236	325
236	566
236	684
237	296
237	370
237	538
237	606
237	680
237	771
237	913
238	340
238	404
238	551
238	674
238	929
238	931
239	310
239	463
239	609
239	794
239	890
240	350
240	394
240	572
240	596
240	720
241	329
241	439
241	502
242	471
242	649
242	828
242	887
242	926
243	248
243	478
243	512
243	628
243	856
243	983
244	367
244	382
244	433
244	588
244	656
244	684
244	804
245	252
245	426
245	516
245	574
245	705
246	253
246	258
246	393
246	452
246	464
246	791
246	951
247	478
247	629
247	674
247	712
247	963
248	291
248	408
248	668
248	882
248	890
248	950
249	283
249	408
249	419
249	476
249	653
249	978
250	264
250	297
250	324
250	582
250	659
250	690
251	370
251	549
251	584
251	662
251	804
251	917
252	384
252	407
252	503
252	594
252	956
253	278
253	341
253	360
253	450
253	510
253	587
253	750
254	307
254	706
254	738
255	343
255	530
255	957
256	347
256	625
256	628
256	964
256	996
257	405
257	576
258	510
258	667
258	769
258	801
259	375
259	377
259	459
259	556
259	664
260	313
260	364
260	378
260	456
260	615
260	643
260	691
261	265
261	513
261	825
261	829
261	905
261	982
262	268
262	330
262	366
262	541
262	615
262	867
262	946
263	276
263	341
263	404
263	631
263	633
263	776
263	871
264	367
264	515
264	523
264	616
264	763
265	330
265	413
265	451
265	608
266	281
266	287
266	376
266	430
266	507
266	633
267	345
267	347
267	359
267	483
267	553
267	821
268	330
268	417
268	433
268	489
268	633
268	925
269	277
269	520
269	594
269	597
269	758
269	853
269	990
270	322
270	956
270	997
271	342
271	402
271	463
271	649
271	684
272	290
272	297
272	417
272	424
272	471
272	739
273	301
274	301
274	604
275	282
275	374
275	566
275	677
275	852
276	473
276	570
276	860
277	406
277	611
277	673
277	765
278	349
278	591
278	697
278	831
279	378
279	436
279	438
279	595
279	682
279	991
280	309
280	727
280	940
280	941
280	982
281	361
281	362
281	407
282	284
282	293
282	343
282	517
282	637
282	808
283	383
283	434
283	647
284	325
284	405
284	494
284	675
284	888
285	329
285	527
285	755
285	780
285	834
285	945
286	299
286	378
286	388
286	390
286	399
286	465
286	618
286	968
287	302
287	327
287	456
287	583
288	353
288	492
288	497
288	514
288	539
288	574
288	894
289	404
289	640
289	718
289	974
290	383
290	422
290	429
290	819
291	378
291	433
291	515
291	695
292	410
292	475
292	641
292	768
292	993
293	337
293	454
293	697
293	840
294	418
294	477
294	950
295	360
295	410
295	414
295	445
295	475
295	503
295	727
295	868
296	299
296	562
296	763
296	817
297	397
297	423
297	658
297	787
298	301
298	406
298	506
298	877
298	979
298	989
299	454
299	486
299	611
300	308
300	462
300	504
300	786
300	851
301	304
301	955
301	967
302	317
302	341
302	614
302	650
302	829
302	851
303	625
303	786
303	838
304	385
304	665
304	686
304	741
304	903
304	956
305	389
305	483
305	509
305	560
305	694
305	842
305	902
306	406
306	482
306	757
306	779
306	903
306	926
306	931
307	568
307	731
307	891
307	944
307	945
308	414
308	417
308	514
308	872
308	922
309	571
309	638
310	389
310	483
310	526
310	845
310	896
311	327
311	480
311	498
311	562
311	601
312	363
312	496
312	636
312	652
312	949
313	491
313	635
313	877
313	882
314	472
314	474
314	799
315	381
315	476
315	511
316	448
316	824
316	966
317	688
317	730
317	833
318	483
318	519
318	553
319	326
319	599
319	854
319	923
319	984
320	344
320	413
320	500
320	522
320	564
320	890
321	343
321	441
321	509
321	536
321	676
321	749
321	781
322	475
322	630
322	638
322	895
323	442
323	518
323	527
323	530
323	842
323	884
324	353
324	413
324	588
324	655
324	668
325	336
325	385
325	507
325	651
325	728
325	797
325	987
326	653
326	815
326	852
326	892
327	328
327	481
327	485
327	533
328	634
328	666
328	726
329	563
329	720
329	854
329	941
330	625
330	812
330	921
330	996
331	342
331	883
332	450
332	568
332	574
332	930
332	990
333	337
333	351
333	542
333	544
333	568
333	694
333	780
334	693
334	823
335	373
335	488
335	542
335	548
335	611
335	649
335	655
335	800
336	464
336	638
336	796
337	446
337	566
337	586
337	723
337	874
338	613
338	751
338	772
339	641
339	905
340	505
340	681
340	810
340	971
341	448
341	616
341	793
341	824
342	419
342	577
342	970
343	632
343	710
343	758
344	353
344	402
344	642
344	843
345	408
345	511
345	672
345	720
345	826
346	362
346	373
346	384
346	393
346	709
346	927
347	423
347	432
347	885
348	420
348	597
348	641
348	754
348	821
348	828
349	364
349	455
349	479
349	541
349	967
350	522
350	563
350	585
350	842
351	403
351	431
351	476
351	480
351	895
352	400
352	472
352	648
353	665
354	575
354	870
355	439
355	731
355	861
355	875
356	545
356	706
356	860
356	892
357	376
357	453
357	839
357	893
358	624
358	780
359	711
359	955
360	426
360	557
360	700
360	713
360	852
361	486
361	632
361	834
362	396
362	415
362	524
362	664
362	881
363	739
363	780
364	541
364	766
364	835
365	394
365	629
365	791
366	367
366	514
366	864
367	402
367	404
367	451
368	466
368	506
368	769
369	389
369	442
369	505
369	510
369	929
369	936
370	506
370	554
371	744
371	860
371	907
371	913
371	995
372	381
372	387
372	413
372	489
372	678
373	428
373	462
373	567
374	466
374	497
374	565
375	387
375	434
375	437
375	771
376	444
376	683
376	705
377	469
378	487
378	732
378	916
379	413
379	475
379	629
379	679
379	710
379	831
379	932
380	474
380	770
380	886
380	981
381	622
381	863
382	502
382	537
382	546
382	817
383	621
383	844
383	908
384	531
384	839
384	891
385	493
385	508
385	745
386	431
386	573
386	774
386	832
386	981
386	986
387	449
387	898
388	421
388	931
388	963
389	481
389	874
390	451
391	648
392	487
392	538
392	732
392	871
393	424
393	609
393	654
393	690
393	742
394	418
394	428
394	736
394	811
395	832
396	454
397	408
397	484
397	836
397	920
397	938
398	609
398	675
398	733
398	898
399	720
399	853
399	904
400	444
400	450
400	546
400	640
401	411
401	472
401	603
401	776
402	513
403	431
403	582
404	414
404	535
405	740
406	797
406	956
408	426
408	910
409	524
410	592
410	652
410	667
411	478
411	620
412	526
412	532
412	810
412	867
412	871
412	900
413	791
414	474
414	487
414	922
415	483
415	673
415	767
415	928
416	495
416	768
416	906
417	705
417	737
418	457
418	546
419	731
420	650
420	751
422	567
422	734
422	749
423	834
424	607
424	702
424	969
425	621
425	631
425	788
425	987
426	997
427	430
427	451
427	517
427	573
427	595
427	737
427	799
428	708
428	886
428	948
429	441
429	473
429	483
429	602
430	433
430	446
430	669
432	441
432	579
432	716
432	796
433	825
434	946
435	793
435	880
436	447
436	464
436	663
437	447
437	489
437	586
437	592
437	705
438	455
438	598
438	814
439	618
441	528
442	703
442	749
442	849
443	611
443	782
443	784
443	787
443	898
443	985
444	858
444	912
444	940
445	641
445	979
446	657
446	729
446	907
447	708
447	709
449	869
450	473
450	792
450	795
451	903
452	640
452	651
453	578
453	579
453	838
453	998
454	470
454	649
454	735
454	747
455	644
455	716
455	837
456	522
456	613
457	626
458	509
458	742
459	538
459	785
460	883
461	487
461	669
461	810
462	584
462	835
462	858
463	614
463	654
464	806
464	893
465	605
465	760
466	535
466	944
467	481
467	546
467	562
467	830
467	918
468	828
468	879
469	631
470	765
471	752
471	865
472	510
472	911
472	973
473	637
474	707
475	602
476	544
476	595
477	740
477	960
478	567
479	521
479	551
481	599
481	850
481	909
482	500
482	559
482	739
482	857
482	863
482	886
484	646
485	569
485	624
485	630
485	648
485	680
485	878
486	683
486	732
486	879
487	515
487	652
489	793
490	558
490	691
491	569
491	607
491	944
492	523
492	576
492	895
493	823
493	827
493	934
494	577
494	761
494	940
494	980
495	856
496	711
496	713
496	721
497	589
497	607
498	687
498	871
498	927
499	582
500	505
501	846
502	579
504	549
504	811
505	632
505	701
506	627
507	612
507	773
508	597
508	688
509	585
510	767
511	598
511	723
511	735
512	662
512	830
513	636
513	906
514	717
515	645
515	681
516	598
516	927
516	934
517	767
517	910
518	812
518	959
519	599
520	845
521	745
521	882
521	912
521	997
523	619
523	692
523	987
524	590
524	803
525	789
525	866
525	946
526	533
527	755
527	781
528	820
529	676
530	567
530	790
531	543
531	645
531	990
533	593
534	589
534	738
535	703
536	561
536	813
537	815
537	928
538	644
538	864
539	810
540	663
540	689
540	795
540	905
541	757
542	850
542	944
547	670
547	676
547	953
548	583
548	987
549	584
550	820
550	855
551	588
551	664
552	630
554	562
555	752
555	849
556	677
556	686
556	843
557	560
557	646
558	662
559	626
559	634
559	913
560	673
560	764
561	565
561	904
563	891
564	592
564	600
564	948
565	575
569	736
569	830
570	711
570	772
570	792
571	589
571	734
571	883
572	878
572	998
573	697
574	836
575	847
577	747
577	774
578	615
579	787
579	796
580	937
580	952
581	793
581	939
581	983
582	597
582	969
583	706
583	803
584	789
585	647
585	949
586	817
586	948
586	971
587	604
587	693
587	709
587	862
590	608
590	721
591	746
592	911
593	994
595	625
595	812
596	817
597	603
598	665
599	614
600	619
600	794
602	738
603	957
604	668
605	950
605	976
606	657
606	889
607	902
609	869
610	663
611	685
612	674
612	678
612	692
612	821
612	883
613	973
614	698
614	926
615	725
617	962
617	969
620	636
620	872
620	993
621	730
621	874
624	723
626	897
627	690
627	972
628	951
628	966
630	759
631	653
632	906
633	757
634	723
634	885
635	671
635	678
635	973
636	673
637	732
637	999
638	719
638	730
639	911
642	672
642	914
643	862
644	927
645	716
645	970
650	841
651	692
651	753
651	995
652	709
652	803
653	750
655	712
655	713
655	773
656	669
656	746
656	894
657	753
657	883
657	954
660	696
660	941
661	689
661	857
662	982
663	897
664	701
664	717
664	857
666	815
666	937
666	975
670	826
671	686
671	730
674	675
674	980
675	684
675	809
676	866
676	939
677	842
678	995
679	772
680	811
680	821
682	776
682	785
682	831
684	697
684	892
685	720
685	857
685	872
685	932
687	721
687	905
687	933
690	816
692	999
693	769
693	930
693	947
695	774
696	891
698	919
699	746
700	732
700	943
701	880
704	887
704	892
705	781
707	818
709	897
710	835
711	790
713	869
714	970
715	808
715	971
718	829
721	974
722	848
722	984
723	978
724	811
724	816
725	740
726	728
733	967
736	992
739	775
740	741
741	797
741	817
741	931
742	958
743	753
744	963
745	846
747	848
748	923
748	964
753	999
756	992
757	990
758	989
759	822
760	958
761	933
762	917
762	957
763	854
763	920
764	816
765	961
766	824
770	792
771	992
773	882
777	851
777	911
778	904
779	806
779	924
779	966
780	989
782	873
783	888
785	936
786	890
787	867
794	868
795	947
799	935
800	885
801	873
801	942
803	855
805	982
809	881
813	852
813	893
813	982
818	944
823	864
823	949
826	853
826	886
827	938
827	978
834	873
835	837
836	870
837	934
839	959
843	965
846	992
848	958
850	919
862	931
866	998
869	972
872	922
872	977
876	968
888	890
889	894
889	934
894	991
900	914
903	958
917	928
920	930
922	928
925	932
928	996
929	965
938	967
939	961
943	965
949	968
961	975
988	996
993	998
