1	5
2	6
3	5
4	8
5	4
6	6
7	3
8	5
9	9
10	5
11	4
12	4
13	7
14	5
15	6
16	4
17	2
18	6
19	6
20	2
21	4
22	6
23	5
24	7
25	2
26	4
27	9
28	2
29	5
30	5
31	7
32	5
33	2
34	6
35	1
36	6
37	5
38	4
39	1
40	8
41	2
42	3
43	8
44	3
45	4
46	6
47	3
48	9
49	5
50	6
51	3
52	4
53	5
54	5
55	8
56	2
57	5
58	8
59	9
60	7
61	6
62	2
63	4
64	3
65	6
66	3
67	3
68	5
69	4
70	4
71	2
72	4
73	1
74	2
75	3
76	2
77	4
78	4
79	2
80	9
81	2
82	5
83	7
84	6
85	4
86	2
87	5
88	2
89	3
90	4
91	5
92	4
93	6
94	5
95	8
96	7
97	6
98	2
99	1
100	2
101	2
102	5
103	4
104	2
105	1
106	2
107	2
108	4
109	5
110	5
111	2
112	2
113	8
114	3
115	5
116	5
117	7
118	7
119	4
120	3
121	3
122	3
123	9
124	1
125	3
126	6
127	3
128	7
129	2
130	2
131	7
132	7
133	7
134	4
135	2
136	2
137	9
138	6
139	3
140	3
141	1
142	6
143	1
144	2
145	1
146	4
147	5
148	4
149	9
150	8
151	2
152	8
153	5
154	3
155	5
156	2
157	3
158	4
159	2
160	2
161	6
162	3
163	2
164	8
165	2
166	2
167	4
168	3
169	2
170	5
171	3
172	8
173	3
174	2
175	8
176	4
177	2
178	6
179	3
180	3
181	3
182	7
183	1
184	4
185	2
186	5
187	2
188	3
189	8
190	6
191	8
192	3
193	6
194	3
195	9
196	3
197	1
198	6
199	2
200	9
201	2
202	5
203	3
204	2
205	8
206	6
207	5
208	6
209	9
210	4
211	3
212	2
213	2
214	3
215	3
216	6
217	8
218	6
219	5
220	7
221	2
222	5
223	8
224	8
225	1
226	2
227	8
228	7
229	4
230	1
231	7
232	5
233	3
234	4
235	2
236	4
237	5
238	6
239	3
240	2
241	2
242	8
243	1
244	3
245	1
246	2
247	8
248	4
249	3
250	3
251	7
252	4
253	2
254	8
255	2
256	3
257	4
258	2
259	2
260	2
261	7
262	7
263	2
264	3
265	7
266	1
267	3
268	2
269	4
270	6
271	3
272	3
273	8
274	1
275	2
276	2
277	4
278	2
279	9
280	5
281	5
282	4
283	1
284	4
285	5
286	6
287	8
288	3
289	3
290	3
291	6
292	6
293	4
294	2
295	6
296	1
297	3
298	2
299	6
300	5
301	2
302	5
303	7
304	2
305	2
306	2
307	9
308	3
309	5
310	3
311	6
312	3
313	2
314	5
315	5
316	3
317	5
318	3
319	4
320	4
321	5
322	6
323	2
324	4
325	4
326	4
327	8
328	8
329	5
330	7
331	4
332	5
333	9
334	1
335	4
336	5
337	4
338	1
339	6
340	6
341	2
342	9
343	4
344	4
345	3
346	5
347	3
348	3
349	2
350	2
351	9
352	2
353	9
354	8
355	2
356	8
357	1
358	5
359	3
360	2
361	3
362	5
363	3
364	2
365	2
366	3
367	3
368	2
369	9
370	5
371	4
372	4
373	5
374	2
375	7
376	5
377	2
378	1
379	4
380	3
381	4
382	2
383	1
384	4
385	3
386	1
387	7
388	6
389	2
390	7
391	3
392	3
393	7
394	2
395	6
396	6
397	3
398	9
399	4
400	2
401	2
402	3
403	9
404	3
405	4
406	4
407	5
408	3
409	6
410	6
411	7
412	3
413	4
414	3
415	3
416	6
417	5
418	2
419	9
420	3
421	6
422	5
423	3
424	3
425	8
426	2
427	4
428	4
429	3
430	4
431	9
432	5
433	4
434	7
435	7
436	5
437	2
438	5
439	2
440	4
441	5
442	9
443	9
444	4
445	6
446	4
447	5
448	3
449	7
450	2
451	7
452	9
453	7
454	6
455	5
456	2
457	2
458	2
459	5
460	5
461	3
462	5
463	3
464	5
465	6
466	2
467	2
468	2
469	2
470	4
471	1
472	2
473	2
474	3
475	6
476	9
477	2
478	8
479	4
480	2
481	2
482	3
483	3
484	6
485	6
486	6
487	3
488	6
489	2
490	2
491	2
492	4
493	3
494	4
495	6
496	4
497	3
498	6
499	1
500	1
501	8
502	2
503	4
504	8
505	3
506	5
507	4
508	3
509	2
510	2
511	5
512	3
513	3
514	3
515	6
516	5
517	4
518	9
519	3
520	7
521	4
522	4
523	4
524	4
525	7
526	3
527	5
528	5
529	7
530	4
531	3
532	4
533	5
534	3
535	9
536	5
537	4
538	3
539	6
540	1
541	2
542	2
543	3
544	9
545	6
546	2
547	7
548	4
549	8
550	9
551	6
552	2
553	3
554	6
555	5
556	2
557	2
558	7
559	5
560	2
561	2
562	6
563	8
564	4
565	2
566	4
567	5
568	9
569	2
570	6
571	5
572	6
573	4
574	5
575	2
576	4
577	6
578	7
579	5
580	5
581	3
582	3
583	8
584	5
585	2
586	2
587	5
588	1
589	3
590	2
591	2
592	2
593	3
594	4
595	9
596	1
597	3
598	5
599	3
600	4
601	6
602	4
603	2
604	5
605	6
606	5
607	2
608	7
609	7
610	3
611	4
612	4
613	2
614	3
615	7
616	3
617	1
618	3
619	4
620	7
621	1
622	4
623	2
624	5
625	7
626	5
627	7
628	3
629	4
630	6
631	2
632	3
633	2
634	8
635	2
636	3
637	4
638	5
639	2
640	2
641	6
642	4
643	9
644	5
645	9
646	6
647	2
648	3
649	4
650	3
651	4
652	3
653	4
654	7
655	4
656	3
657	4
658	2
659	2
660	2
661	6
662	7
663	1
664	3
665	9
666	8
667	5
668	4
669	3
670	4
671	5
672	3
673	3
674	8
675	8
676	7
677	2
678	4
679	4
680	6
681	6
682	9
683	5
684	8
685	4
686	2
687	6
688	5
689	8
690	7
691	2
692	4
693	4
694	9
695	6
696	2
697	8
698	3
699	2
700	4
701	3
702	4
703	9
704	5
705	5
706	8
707	3
708	5
709	5
710	5
711	1
712	2
713	4
714	4
715	5
716	1
717	3
718	5
719	3
720	4
721	2
722	3
723	1
724	5
725	2
726	3
727	6
728	4
729	4
730	5
731	9
732	4
733	3
734	5
735	2
736	2
737	8
738	4
739	3
740	2
741	2
742	2
743	5
744	6
745	3
746	1
747	6
748	6
749	5
750	4
751	6
752	5
753	4
754	2
755	5
756	7
757	2
758	4
759	6
760	1
761	5
762	7
763	3
764	5
765	4
766	2
767	4
768	6
769	2
770	6
771	7
772	4
773	4
774	6
775	3
776	2
777	5
778	7
779	2
780	3
781	5
782	9
783	3
784	9
785	2
786	5
787	3
788	8
789	5
790	4
791	2
792	6
793	2
794	4
795	2
796	5
797	1
798	7
799	4
800	3
801	2
802	9
803	4
804	7
805	9
806	5
807	1
808	5
809	8
810	3
811	6
812	9
813	5
814	4
815	4
816	5
817	2
818	2
819	3
820	7
821	3
822	3
823	3
824	2
825	5
826	4
827	3
828	3
829	5
830	2
831	5
832	6
833	7
834	3
835	1
836	5
837	3
838	7
839	4
840	4
841	3
842	2
843	4
844	3
845	7
846	3
847	2
848	2
849	1
850	2
851	5
852	2
853	4
854	5
855	9
856	4
857	3
858	5
859	8
860	4
861	2
862	5
863	3
864	3
865	4
866	7
867	3
868	4
869	7
870	8
871	3
872	3
873	3
874	4
875	4
876	8
877	2
878	6
879	6
880	8
881	5
882	4
883	5
884	2
885	3
886	4
887	5
888	3
889	3
890	3
891	8
892	8
893	5
894	3
895	1
896	3
897	5
898	9
899	8
900	5
901	2
902	2
903	2
904	2
905	6
906	5
907	4
908	4
909	2
910	4
911	2
912	4
913	5
914	6
915	7
916	5
917	7
918	8
919	3
920	3
921	6
922	3
923	6
924	2
925	2
926	8
927	5
928	3
929	6
930	4
931	1
932	4
933	6
934	3
935	4
936	9
937	2
938	3
939	6
940	4
941	5
942	1
943	6
944	2
945	9
946	7
947	4
948	4
949	1
950	2
951	5
952	5
953	5
954	4
955	3
956	4
957	2
958	2
959	4
960	2
961	1
962	8
963	6
964	4
965	6
966	3
967	2
968	8
969	3
970	9
971	2
972	7
973	2
974	3
975	8
976	3
977	2
978	3
979	2
980	4
981	3
982	5
983	3
984	4
985	6
986	1
987	4
988	7
989	3
990	3
991	9
992	7
993	7
994	3
995	4
996	7
997	6
998	7
999	1
1000	6
